2
500
1010941 1009897
1006437 1012962
1010244 1004520
1027176 1010587
1025182 1012510
1011838 1003648
1016758 1026786
1004852 1008296
1030937 1001839
1036118 1014088
1033659 1016888
1014926 1008864
1027530 1024081
1016106 1010335
1024432 1004445
1013893 1000783
1010749 1011696
1031455 1028791
1004448 1011601
1036573 1029388
1015717 1002023
1026423 1001542
1035392 1006323
1006947 1019379
1037884 1020265
1034769 1011063
1047825 1000080
1002126 1026716
1032154 1016855
1007789 1014304
1041866 1019890
1019438 1019888
1040129 1009192
1045461 1026141
1016004 1014750
1046644 1000554
1045477 1007757
1030725 1012212
1024024 1026433
1035277 1013570
1007431 1026599
1016887 1001123
1010076 1024667
1027108 1016378
1022412 1028198
1018143 1026032
1021850 1006684
1033735 1027774
1013771 1012707
1003233 1015600
1001887 1001144
1019298 1016059
1049661 1011559
1042220 1024333
1007015 1006442
1036320 1006554
1039036 1015462
1006391 1022277
1005905 1013375
1014669 1018494
1005768 1016756
1021281 1024112
1004757 1022201
1003651 1011300
1040897 1016159
1022831 1017599
1001105 1024058
1017224 1020221
1033000 1023870
1016663 1021420
1015753 1006771
1032335 1001359
1026685 1025068
1040481 1002378
1002835 1015024
1040389 1016055
1009218 1029766
1029600 1011984
1037994 1024909
1001837 1004664
1025262 1027058
1035598 1002413
1034697 1022857
1003891 1019702
1019755 1023724
1048091 1011834
1038661 1018936
1021363 1018357
1008899 1017224
1019641 1029121
1000420 1024526
1030630 1024393
1029289 1023059
1043778 1017929
1025999 1024370
1026725 1029413
1015151 1006510
1036154 1010159
1005733 1003002
1043553 1023505
1003719 1018750
1018822 1028780
1021192 1025545
1027226 1005265
1018729 1027334
1007634 1020048
1030245 1012889
1012533 1001186
1032039 1011061
1002774 1005076
1030240 1021240
1002527 1004432
1003379 1019213
1032406 1000800
1049314 1006046
1001241 1012981
1048215 1015169
1049455 1010306
1015830 1000301
1049527 1017142
1033755 1014391
1031504 1022542
1005928 1017214
1014022 1026455
1003059 1006789
1033827 1021392
1019216 1007267
1029236 1015955
1027293 1023459
1045538 1004141
1032574 1019638
1042770 1001821
1036100 1017797
1048870 1009304
1032089 1027999
1013651 1006392
1026090 1010985
1031577 1003831
1023117 1020695
1013802 1002563
1047468 1021856
1002458 1019692
1018458 1025296
1032629 1017557
1018774 1021134
1010016 1029833
1004674 1007518
1034736 1006062
1019759 1000043
1014231 1013509
1036518 1004529
1020764 1002762
1012380 1003299
1011460 1000987
1009491 1012621
1041360 1014220
1039919 1006470
1012471 1007634
1010530 1019262
1014261 1010156
1004230 1027718
1023589 1007369
1046812 1029522
1044515 1014085
1021111 1023911
1030979 1005500
1002693 1026876
1047813 1023343
1003800 1021109
1038042 1000925
1024761 1018373
1026962 1028477
1024596 1029429
1005948 1017718
1035023 1014196
1001471 1012016
1004602 1012285
1047286 1026086
1022213 1001579
1040264 1016613
1031604 1029998
1022839 1022701
1011224 1003116
1047525 1012571
1006056 1017786
1041493 1000403
1010669 1009428
1001657 1014730
1015212 1008128
1013255 1017290
1038564 1026222
1047376 1028743
1035364 1017501
1005416 1005165
1026134 1025712
1040925 1006714
1012218 1017494
1001818 1007378
1049751 1012420
1048411 1022223
1019387 1020294
1015263 1006026
1040989 1023355
1047275 1004719
1045014 1008554
1003039 1028538
1024808 1002559
1030878 1023288
1006518 1009628
1035571 1023631
1035865 1000036
1016216 1009799
1043465 1014183
1018200 1016643
1012946 1005054
1004761 1001422
1038561 1009191
1016084 1004239
1021523 1013817
1046427 1002526
1016779 1005289
1032226 1008495
1004442 1001518
1006657 1005945
1022600 1028520
1038625 1020351
1010725 1008763
1036639 1023623
1025387 1016444
1010556 1012449
1002511 1012377
1046648 1006634
1002880 1008628
1013971 1021333
1040109 1000572
1032506 1014580
1002815 1001507
1046025 1029037
1045185 1012504
1005176 1004352
1032676 1007626
1028731 1004039
1042066 1022196
1023478 1018285
1027560 1019249
1005734 1011594
1027182 1026840
1029924 1021669
1046175 1026351
1042217 1003441
1016614 1009470
1039684 1019649
1044962 1028978
1027927 1006884
1021786 1016017
1032680 1003491
1030343 1013988
1033324 1023250
1003271 1016733
1048797 1026228
1039087 1016164
1018865 1025721
1002722 1001989
1036223 1017681
1046809 1023699
1047399 1026542
1002935 1012456
1002917 1028850
1004591 1028064
1049702 1003599
1016027 1013651
1021193 1005687
1003730 1008243
1043122 1016383
1049753 1004865
1035441 1022238
1018605 1029347
1003360 1001315
1001929 1002466
1022963 1013166
1027676 1005604
1039374 1026456
1033001 1017568
1007941 1025640
1012604 1027720
1021403 1015591
1016720 1028091
1028521 1000609
1035497 1024618
1012121 1021683
1018957 1005178
1007036 1013446
1044283 1019552
1000913 1029705
1004631 1024002
1023340 1013966
1006202 1020594
1041280 1008850
1022774 1008939
1041272 1025821
1019433 1025498
1041364 1004110
1019709 1013118
1038253 1025270
1002835 1020940
1007601 1027236
1030359 1012350
1037992 1009324
1013818 1006126
1041498 1017065
1047687 1023426
1046331 1013265
1044344 1010789
1039537 1019232
1020246 1006794
1040211 1017539
1045045 1017541
1046200 1015252
1027867 1003607
1009757 1014027
1027466 1028624
1010122 1000973
1035468 1027155
1003496 1021692
1044442 1007010
1043371 1014410
1024987 1008659
1026698 1021593
1048590 1021902
1033846 1022955
1005439 1007452
1042836 1021283
1028933 1028587
1010807 1029955
1001102 1025525
1028183 1008581
1025644 1002681
1013527 1010669
1017822 1026458
1029520 1004710
1022915 1008738
1013069 1007603
1037453 1008716
1024979 1006821
1019959 1023242
1037189 1025216
1040409 1013327
1038009 1029888
1030127 1021967
1048362 1024001
1006349 1005935
1004463 1007975
1008154 1001716
1024936 1013942
1042991 1023220
1042815 1004882
1005531 1026438
1045409 1007347
1043038 1013705
1027498 1014165
1004002 1027710
1025829 1011055
1019240 1002927
1015372 1008529
1027184 1019605
1010325 1028017
1017579 1012991
1025310 1028598
1030312 1007929
1014756 1008254
1008576 1006495
1020914 1011059
1018113 1013832
1023491 1019190
1006725 1004828
1046358 1016186
1040800 1001802
1039311 1005355
1018050 1020851
1015349 1014728
1018193 1012021
1036434 1007473
1015791 1015944
1003216 1014180
1041965 1017110
1016670 1000912
1044211 1001430
1042132 1014433
1006017 1013236
1018696 1013524
1000531 1014383
1019443 1002787
1014966 1015607
1030462 1012846
1044987 1027796
1029143 1018348
1020775 1018328
1004712 1012682
1039015 1005135
1026459 1015799
1037493 1008646
1027646 1009065
1011558 1009268
1035563 1008540
1034129 1005559
1040686 1015585
1003501 1005758
1010419 1011215
1005645 1002807
1015387 1018097
1040230 1020547
1048743 1021599
1022083 1026231
1031462 1028802
1032313 1022003
1009093 1011872
1005805 1005517
1007931 1029707
1004313 1007342
1031085 1019261
1036866 1000305
1037403 1015453
1001714 1023438
1008733 1006062
1036513 1000679
1023476 1015525
1025991 1001989
1016914 1029032
1028800 1022031
1021266 1005834
1047781 1009076
1040956 1028163
1030342 1014296
1031054 1009673
1048202 1009083
1009355 1014818
1018179 1005570
1045072 1028049
1038279 1012999
1029613 1029261
1025775 1000094
1047399 1009388
1006510 1011097
1027206 1017544
1017141 1020621
1016989 1008624
1044541 1019981
1037668 1017778
1039077 1025150
1033826 1025647
1000982 1004012
1001813 1025781
1001547 1028045
1038199 1003141
1013337 1001113
1014069 1020092
1036171 1005516
1043106 1013790
1018062 1002940
1023947 1026373
1032851 1005489
1049779 1006859
1038751 1009434
1040628 1011168
1004513 1011841
1016338 1014151
1002444 1017747
1040679 1025059
1029981 1013014
1029571 1005340
1034058 1005546
1028892 1025178
1024969 1005002
1029829 1022677
1028950 1028682
1002251 1007102
1041207 1018717
1039062 1025073
1003597 1013247
1017019 1026127
1043686 1021723
1041964 1011555
1024405 1021997
1008955 1017909
1016024 1024356
1020255 1004100
1014646 1005154
1016653 1018483
1043970 1000205
1040082 1009839
1039511 1025579
1008007 1003659
1027019 1010978
1042547 1022641
1019298 1028326
1009801 1007794
1018160 1025745
1037356 1004071
1020719 1024567
1040423 1011929
