80
32 25 30 37 36 23 20 24 40 23 29 38 39 35 32 31 28 31 30 34 26 27 39 25 37 24 21 30 21 20 35 22 34 40 36 26 24 29 36 35 29 32 27 40 29 29 38 28 31 30 27 22 40 35 27 27 21 29 21 33 29 38 39 22 21 28 38 38 38 38 20 32 26 35 32 40 27 20 29 34
34 23 27 23 38 38 33 39 20 33 38 35 38 24 38 40 30 26 25 21 20 29 23 35 32 28 29 39 24 36 24 23 21 39 22 24 34 35 24 40 30 24 25 40 27 38 31 31 33 37 27 35 39 34 27 28 34 36 40 23 26 28 27 26 38 27 28 29 29 29 33 25 28 29 32 30 23 31 28 30
21 25 27 27 25 34 23 24 21 23 21 34 35 34 23 31 36 34 21 21 35 27 35 22 22 20 40 27 27 24 28 37 33 30 36 40 22 27 21 37 25 40 22 34 33 21 29 24 24 20 26 24 40 27 28 30 21 40 23 29 22 34 35 28 21 32 20 28 29 40 40 24 27 38 34 28 29 22 25 32
36 37 30 27 34 39 23 21 31 20 25 31 36 27 21 28 30 37 22 24 38 38 21 27 23 39 20 40 27 27 28 35 38 35 37 39 37 22 39 22 31 25 40 22 38 23 32 23 31 36 21 39 36 27 33 36 21 21 39 34 33 30 30 24 35 26 38 35 29 28 23 22 28 38 38 35 25 32 40 24
28 22 38 26 40 24 30 34 37 35 33 24 33 38 31 32 23 34 34 28 26 31 33 39 34 24 25 27 32 21 35 31 30 23 20 29 22 24 25 26 36 38 26 28 29 30 30 36 22 30 31 26 32 20 20 21 33 29 29 35 26 30 32 33 34 30 29 24 23 26 32 36 27 37 25 25 39 23 32 39
27 30 35 36 28 32 37 29 31 39 30 20 38 40 31 26 39 33 33 38 39 33 26 36 23 26 33 32 37 22 39 38 33 40 39 29 34 36 22 33 34 21 31 34 38 39 23 35 38 37 39 22 25 39 21 31 38 33 27 40 29 23 26 22 30 20 22 29 34 23 27 31 23 26 22 29 28 31 29 26
39 40 30 26 31 29 23 33 33 29 36 36 32 34 39 40 35 21 26 29 33 20 26 35 39 38 21 40 31 27 30 28 20 26 20 34 34 34 32 33 31 29 36 31 32 24 27 30 39 32 24 38 27 20 37 26 22 38 39 20 37 21 31 29 28 25 28 37 40 26 33 31 26 25 32 32 35 32 24 37
34 36 36 27 28 31 34 30 24 26 39 23 39 24 33 30 23 36 26 33 39 38 39 33 23 37 24 28 23 23 34 23 25 33 25 31 30 36 21 26 36 22 23 22 38 39 38 29 30 24 38 27 32 27 30 33 35 38 40 24 27 29 22 24 20 21 29 26 37 22 29 39 37 21 40 33 25 30 25 24
31 30 25 21 35 39 26 25 37 35 29 24 32 34 36 39 28 24 31 25 25 38 27 26 37 30 23 36 31 39 29 23 28 28 21 20 37 31 22 23 22 26 21 21 28 35 23 29 27 40 40 23 36 32 33 32 26 25 37 20 38 20 34 35 30 25 25 31 31 21 37 27 26 39 20 39 30 40 33 33
20 20 22 34 37 40 23 39 31 32 25 30 30 25 38 29 27 21 37 33 33 37 39 32 34 33 22 39 21 20 33 29 23 36 20 36 39 34 30 28 33 28 33 25 24 27 30 32 24 25 37 37 36 26 36 26 22 39 38 25 30 20 26 26 24 31 32 34 33 24 38 37 20 24 30 39 28 28 34 22
23 24 40 21 21 21 21 37 39 37 24 36 33 35 26 25 27 22 21 28 28 32 21 33 26 28 21 40 34 27 38 25 27 36 39 32 26 22 39 21 26 35 32 40 23 21 22 22 37 29 29 27 39 37 23 35 37 30 20 27 20 22 29 26 33 22 28 21 36 31 33 36 23 28 26 30 30 23 38 38
32 35 21 23 24 27 25 30 20 30 26 37 28 28 32 34 21 32 29 36 37 39 29 37 35 40 32 32 39 20 28 38 31 23 23 37 23 39 21 25 28 26 39 33 37 25 36 33 28 27 29 24 38 37 35 20 21 31 23 30 28 34 24 23 26 36 37 33 23 37 37 39 31 28 32 22 29 22 23 39
29 39 25 37 24 31 23 28 36 39 38 32 33 23 26 33 21 28 25 38 36 23 21 29 25 36 30 34 21 31 23 35 30 31 38 31 33 22 28 20 21 24 23 23 28 33 34 31 29 21 25 34 39 35 38 32 25 30 29 23 32 35 28 33 34 24 29 23 35 32 22 38 32 37 40 31 34 30 29 30
32 25 22 40 40 21 31 24 30 37 22 36 38 25 33 31 40 39 40 33 37 28 28 26 38 31 25 25 22 20 36 39 26 23 24 24 20 24 25 38 33 40 23 31 32 29 21 31 21 30 20 30 34 35 31 27 35 23 34 24 25 30 39 28 30 23 31 37 24 21 36 33 21 26 33 28 28 27 27 25
37 31 33 20 29 31 40 23 29 30 23 32 28 24 34 21 25 29 33 40 34 29 36 31 28 36 26 26 26 37 23 40 22 35 23 39 20 33 37 20 22 35 34 25 36 24 34 38 36 28 27 33 27 22 24 27 28 39 23 28 24 31 39 38 34 40 22 21 24 23 34 36 39 23 38 37 32 39 29 29
29 30 40 39 36 23 38 36 32 28 22 27 39 35 28 27 31 20 24 37 35 34 28 26 36 24 37 33 22 23 31 26 20 24 21 23 24 22 26 27 20 33 20 29 30 35 24 27 28 21 37 28 37 21 22 33 26 31 23 25 27 36 24 30 39 20 38 38 40 29 20 30 40 26 35 34 28 36 33 32
39 36 25 33 27 35 36 27 40 24 24 21 33 27 27 20 39 23 26 22 24 37 34 34 29 25 22 34 28 24 38 40 35 24 33 34 31 26 26 21 26 36 26 35 30 37 35 30 32 33 21 22 28 37 21 39 28 39 37 25 35 31 26 36 30 31 37 22 31 33 30 38 39 29 25 39 31 25 35 22
35 28 29 35 24 25 36 33 35 26 35 27 34 21 29 25 32 26 34 25 38 27 27 29 25 36 20 38 20 35 29 36 22 26 33 28 29 22 28 28 36 31 32 35 28 37 26 25 38 29 31 25 25 23 36 29 21 22 28 38 33 39 30 28 37 27 21 21 21 37 33 33 37 30 32 26 26 30 23 24
31 26 30 35 23 32 40 23 32 23 34 40 39 24 23 27 39 21 33 26 37 33 39 35 33 21 25 28 22 38 35 21 28 37 25 38 34 24 40 21 31 25 36 30 28 25 37 35 31 35 22 23 32 37 27 23 37 30 20 30 21 31 25 29 21 29 33 30 40 34 35 25 40 20 39 31 20 24 36 22
27 32 27 28 25 25 22 32 35 24 35 25 34 26 36 30 30 27 26 40 25 25 22 28 35 23 22 25 32 25 40 35 21 38 24 25 24 28 39 21 33 21 25 34 30 22 33 39 27 27 36 24 22 37 31 21 23 39 39 40 31 23 23 27 26 22 25 24 30 23 26 38 28 21 31 30 23 33 33 33
40 21 38 36 22 28 32 20 38 20 32 36 20 20 28 26 23 26 26 34 36 23 36 38 34 29 34 25 27 40 32 29 23 35 40 29 32 35 34 27 22 36 37 34 22 34 34 31 23 20 34 38 26 20 37 37 22 39 33 30 20 28 29 37 39 35 24 30 25 32 20 30 33 39 25 22 22 40 21 33
21 20 29 27 23 37 32 36 36 27 33 25 33 31 35 28 38 20 24 32 22 36 35 22 32 24 37 22 31 30 33 30 21 32 34 32 35 27 26 26 33 29 25 25 32 32 40 22 22 24 39 26 33 37 30 24 26 22 38 24 22 25 28 28 22 36 23 25 23 21 37 30 32 22 34 36 33 20 36 28
23 20 35 33 40 28 33 36 32 25 23 36 20 26 31 34 21 30 26 26 24 25 27 40 40 37 39 22 29 39 28 28 40 34 34 33 39 22 31 28 30 38 40 28 28 25 28 40 25 31 37 33 37 27 22 33 27 35 38 38 28 26 24 40 40 36 27 38 34 20 20 20 32 40 26 39 32 28 35 25
29 22 25 31 30 31 34 34 40 21 23 39 30 22 25 23 39 28 39 37 25 22 21 37 21 31 24 37 36 37 36 34 38 25 34 29 37 33 25 35 37 37 29 37 34 20 28 36 29 23 27 40 22 27 35 32 36 30 23 23 33 37 31 40 22 39 25 34 24 32 29 36 40 26 35 35 40 26 28 35
29 37 20 40 20 30 30 31 29 21 36 20 21 25 25 29 24 36 29 33 30 27 31 37 26 25 30 22 40 36 35 29 37 39 34 26 35 31 30 22 22 34 31 28 28 26 25 28 33 36 27 30 24 33 23 21 28 37 40 29 32 23 39 23 25 31 37 25 36 25 28 27 31 30 28 21 35 37 30 30
40 20 39 24 36 37 37 23 21 29 32 28 30 33 28 37 23 22 21 22 30 38 22 20 34 28 26 39 29 28 28 33 38 24 24 33 23 20 26 24 33 27 32 36 35 28 21 27 31 35 33 24 32 20 34 30 27 32 31 26 39 23 38 34 35 31 38 20 34 29 22 37 37 32 35 37 28 22 27 33
30 32 39 22 36 31 33 27 22 26 26 27 28 26 35 37 35 32 26 36 24 26 32 22 39 40 26 39 31 35 30 36 40 39 20 35 24 38 27 39 27 30 20 35 29 35 30 40 30 31 22 36 38 32 21 30 39 39 32 20 29 26 27 20 24 34 20 32 40 33 23 30 40 23 37 38 27 30 27 22
35 22 32 33 27 30 32 28 28 40 33 34 30 26 38 28 21 25 38 23 28 20 36 40 27 28 30 20 27 32 38 23 25 20 37 34 26 39 22 37 28 23 30 29 40 36 23 27 39 39 25 39 23 22 36 29 34 40 38 23 33 37 34 21 24 40 30 40 21 37 21 31 23 20 25 24 31 27 39 25
36 27 30 26 27 25 20 31 38 27 38 38 38 33 40 38 27 29 36 28 26 30 27 21 36 33 33 20 28 32 32 38 35 29 24 27 39 23 20 34 31 37 24 22 21 25 33 40 40 34 34 21 26 20 30 37 26 34 30 38 25 22 24 20 29 25 29 36 22 21 20 39 39 24 22 25 36 38 25 40
40 23 35 36 25 21 36 34 31 27 23 20 38 25 40 30 23 40 31 40 34 37 31 35 28 34 23 40 39 37 23 38 39 25 25 40 32 38 27 38 21 37 38 25 25 23 23 37 40 20 25 29 36 33 23 37 27 29 36 39 30 28 33 22 38 40 31 25 21 25 29 32 33 39 39 26 39 39 35 30
22 40 39 26 29 38 30 30 29 34 21 40 40 29 38 28 40 26 31 36 38 23 28 33 30 35 33 23 28 34 33 22 38 40 26 33 38 30 21 28 24 30 26 23 37 33 25 22 34 36 39 27 29 31 36 37 27 24 20 27 22 33 38 38 29 37 22 30 26 33 24 31 38 37 39 23 24 40 29 36
35 38 39 22 35 35 23 39 27 34 40 40 36 39 36 37 38 37 21 31 37 28 23 36 36 23 29 26 40 30 33 25 35 24 28 21 27 29 38 20 35 33 33 30 25 27 33 30 25 21 40 28 23 26 25 35 26 24 30 26 29 24 20 29 39 25 24 20 29 39 30 36 20 25 39 37 29 22 36 24
23 20 30 21 27 32 35 29 34 31 32 34 21 37 23 26 24 37 35 34 37 24 27 38 35 28 32 22 30 36 39 34 30 23 39 22 31 31 33 25 37 23 22 23 39 35 35 34 40 24 40 31 36 26 27 27 27 34 25 26 37 29 21 33 27 21 38 21 39 23 31 23 23 30 39 21 22 33 36 40
25 37 35 28 28 28 33 34 21 35 20 40 27 29 26 40 26 21 25 23 34 30 38 25 36 34 35 36 38 20 20 22 40 37 27 29 22 26 29 32 26 38 32 29 20 30 25 34 21 22 29 38 20 33 24 35 25 37 22 35 22 37 24 20 35 22 38 31 37 37 23 25 36 27 28 31 34 37 28 35
31 34 34 21 34 30 39 30 24 26 22 40 38 39 34 27 25 40 40 32 39 33 28 21 34 30 35 35 22 38 34 39 20 30 29 21 29 23 21 24 30 24 20 20 40 26 37 24 27 39 39 22 20 29 25 34 20 32 38 20 26 33 34 29 20 28 31 39 30 27 27 25 31 31 25 25 35 28 37 29
25 36 20 24 31 36 29 29 38 35 22 33 39 20 26 37 38 25 37 36 38 40 36 37 24 26 35 33 28 29 21 25 34 32 20 40 23 33 34 37 34 21 32 32 35 23 37 24 20 21 38 32 26 22 23 25 35 40 24 38 22 35 32 34 33 28 21 37 35 33 34 30 27 24 35 35 35 32 31 26
37 21 36 26 24 36 30 26 28 34 21 32 33 27 30 22 22 23 20 37 40 36 30 24 24 31 28 38 37 27 27 37 26 20 37 24 24 31 24 25 30 24 34 21 36 40 21 20 26 20 38 40 38 38 38 40 29 37 27 39 36 22 26 36 27 34 39 32 28 23 20 37 40 34 34 31 26 29 32 26
25 21 24 37 40 39 27 27 36 27 29 27 37 39 38 39 22 36 34 26 24 40 37 38 32 25 34 30 40 24 27 28 22 29 29 37 28 32 39 26 40 38 20 25 35 38 32 37 29 27 38 37 29 25 32 37 25 39 38 37 29 38 35 24 29 20 38 23 27 35 22 35 25 21 23 34 29 23 25 29
39 22 38 26 21 27 37 39 20 40 29 34 25 20 32 33 31 37 39 32 27 20 26 31 39 39 31 21 22 40 27 34 39 30 23 26 25 31 27 21 29 21 37 36 33 20 37 31 38 22 23 23 23 27 20 37 36 30 35 20 25 32 36 21 25 22 24 28 27 37 33 21 25 25 31 33 38 24 38 30
33 26 20 31 25 32 27 37 30 24 31 31 31 35 28 30 24 22 22 30 35 25 29 20 25 35 25 36 38 27 27 33 34 35 36 39 20 20 38 24 32 30 33 32 20 34 27 26 20 38 40 30 26 34 27 21 22 25 30 36 34 26 36 30 30 35 39 21 40 40 20 22 35 33 23 35 26 26 24 21
36 26 32 35 32 36 37 30 40 31 21 38 28 39 33 21 22 25 37 35 20 24 27 25 40 31 27 38 21 20 32 23 20 40 23 24 20 38 21 23 39 40 22 26 33 37 32 21 29 36 32 30 22 21 34 27 20 30 29 39 32 34 25 40 27 20 37 39 34 33 39 25 30 28 36 33 25 25 29 27
30 31 32 37 27 37 32 40 27 32 21 39 29 38 32 38 22 25 36 39 37 40 39 31 37 30 33 32 36 32 37 21 26 30 38 33 32 40 24 29 36 35 21 22 27 40 30 29 22 26 31 40 26 36 26 23 24 26 23 23 20 27 20 32 28 36 26 37 29 35 24 34 34 25 23 22 21 39 36 28
38 35 38 34 35 30 32 30 40 36 31 20 31 22 33 33 28 25 34 20 31 22 34 39 22 32 39 30 24 38 37 25 27 24 23 28 22 31 35 39 39 27 33 29 34 34 24 33 25 31 27 29 23 30 34 27 40 39 25 37 21 23 39 26 27 34 22 34 22 27 40 36 26 40 35 21 26 28 21 31
22 23 37 23 35 33 25 23 35 40 38 38 20 29 34 40 40 22 27 37 21 38 37 35 22 40 33 23 30 26 32 30 31 37 33 30 40 26 25 27 38 34 21 23 33 36 20 24 31 29 22 26 28 38 26 20 40 21 20 23 21 28 26 27 24 29 38 20 38 20 29 24 36 36 22 28 38 34 20 28
26 33 27 21 40 37 33 33 31 32 33 33 38 22 32 24 22 36 21 33 34 35 32 34 21 35 36 21 32 32 39 22 30 30 38 31 31 25 31 29 40 35 33 34 25 29 30 35 35 38 29 33 26 40 35 38 25 40 34 37 29 29 36 23 39 24 35 30 33 33 37 38 27 21 22 24 20 27 24 30
35 27 36 30 22 23 22 21 38 30 24 34 24 30 40 23 38 24 29 21 32 35 39 37 20 37 21 23 38 40 25 35 35 32 34 21 31 34 37 38 20 23 40 27 31 26 36 20 30 22 28 40 24 22 23 36 40 38 22 25 39 33 39 21 32 27 38 28 30 27 21 34 33 32 37 20 30 35 31 20
29 30 29 24 32 32 29 29 29 40 24 38 28 33 24 32 27 36 28 26 39 31 26 26 28 38 27 20 33 37 23 32 36 29 27 21 34 36 30 39 25 29 34 29 24 25 39 21 28 23 29 30 39 40 21 34 20 22 35 31 29 34 36 29 29 34 40 24 38 20 26 38 21 23 24 20 23 21 28 39
23 25 39 34 38 36 31 40 37 28 34 21 21 38 34 23 38 31 29 32 33 28 26 27 32 24 22 22 31 22 28 38 36 30 28 31 24 21 25 26 26 33 38 37 22 20 22 28 40 25 32 37 22 33 29 32 35 24 34 22 37 40 40 36 35 31 22 28 29 35 28 23 26 34 22 24 33 34 39 39
27 29 25 27 35 24 30 32 22 29 32 32 38 24 32 24 22 37 27 36 23 20 40 33 32 31 26 21 36 33 38 22 26 40 28 27 29 26 30 30 34 36 27 33 24 35 34 37 27 28 30 32 28 40 35 36 28 32 26 20 36 23 34 29 21 29 21 26 38 26 32 40 33 27 37 25 37 20 27 20
32 37 26 36 33 24 26 25 29 37 23 38 31 38 37 27 24 27 39 34 30 33 34 22 38 26 31 27 26 40 27 26 28 34 38 23 30 22 31 29 36 36 37 31 24 38 29 22 20 21 30 31 21 24 21 37 25 20 22 28 28 24 38 25 39 31 23 30 22 40 30 39 39 31 26 35 33 34 35 22
33 27 34 27 32 40 27 21 40 28 33 28 22 23 20 24 33 29 24 27 29 23 35 20 24 28 31 26 27 34 21 26 39 22 28 33 22 29 28 20 22 34 24 22 30 21 27 28 35 29 32 26 36 40 24 38 34 33 30 39 31 22 21 33 21 32 38 29 37 35 39 29 28 31 33 21 29 30 39 24
30 40 22 24 32 21 23 36 22 23 27 28 35 21 35 34 29 36 35 35 37 30 30 39 27 33 33 40 37 24 20 21 28 25 39 34 34 34 25 24 35 23 33 32 28 21 28 32 26 34 39 37 24 32 24 24 38 28 33 27 39 36 29 40 33 28 40 36 21 20 23 32 24 26 23 33 27 29 30 32
36 35 21 30 27 29 38 38 28 24 29 22 33 22 35 24 22 20 28 35 30 21 38 22 33 28 37 35 22 39 26 30 38 40 22 33 35 28 26 30 27 27 24 21 28 26 21 21 24 29 22 36 33 29 26 23 24 40 31 37 35 24 25 28 20 32 33 22 34 33 27 34 35 27 34 29 39 38 34 25
40 36 35 38 36 31 39 22 24 21 31 29 30 38 27 35 28 38 37 20 38 23 39 26 33 36 30 38 29 21 30 38 36 27 27 32 40 29 27 26 33 37 27 30 21 28 30 31 39 22 21 36 20 34 22 36 35 35 40 34 40 25 34 25 37 33 35 39 33 29 26 21 26 21 40 20 20 27 31 28
39 24 26 24 37 34 25 26 27 23 35 21 25 36 25 34 31 25 39 30 30 38 36 26 22 24 38 20 21 35 28 23 39 40 33 30 36 24 21 20 26 30 25 23 35 28 27 39 37 34 36 27 26 23 40 34 29 26 31 27 40 24 20 27 28 36 40 31 36 33 32 26 40 34 35 38 35 37 34 36
39 31 35 31 27 30 29 21 38 32 33 32 40 39 28 30 21 23 31 22 29 21 32 22 30 23 27 25 24 27 31 40 36 40 37 37 37 21 20 26 34 38 36 26 27 24 35 32 40 26 30 26 32 30 37 26 37 38 29 23 28 29 30 25 31 31 40 24 23 22 36 32 38 25 40 33 25 35 28 30
32 36 28 40 35 33 34 20 35 31 21 25 33 32 37 31 36 23 31 33 23 24 21 26 40 25 28 35 30 32 26 25 30 26 37 33 22 33 26 39 32 35 25 40 30 30 37 26 36 39 29 22 36 29 24 40 39 22 40 34 20 36 36 37 29 36 21 22 24 29 28 33 26 26 31 38 21 30 25 33
26 22 37 28 25 38 28 39 36 36 35 40 37 34 24 24 23 29 26 20 33 22 37 40 26 26 36 21 37 23 27 33 37 40 23 40 30 40 32 38 20 22 39 30 21 26 30 23 24 32 25 27 36 30 20 25 29 34 27 29 29 37 24 27 25 23 34 36 38 32 24 25 25 35 28 20 38 36 35 28
30 40 35 39 39 35 36 30 21 33 24 32 28 25 29 23 40 26 33 34 29 24 27 31 27 38 35 38 21 25 40 24 31 38 28 21 22 40 34 24 36 23 24 27 20 36 36 20 21 34 35 32 39 24 40 38 33 36 28 33 23 37 36 20 20 37 38 30 24 32 20 30 37 38 21 40 34 34 31 33
27 34 26 31 28 24 28 26 32 39 27 33 30 34 34 34 32 20 39 24 23 27 38 29 40 31 28 38 36 34 30 37 37 30 39 31 27 32 39 23 24 20 29 34 31 31 27 29 24 39 33 25 40 21 25 27 27 38 31 38 25 37 21 38 32 34 30 27 34 30 22 40 25 31 25 38 29 32 22 25
21 33 39 35 31 38 29 32 26 30 21 35 36 34 34 20 20 31 24 25 25 33 35 30 28 40 27 32 29 24 23 38 26 20 24 21 31 37 39 23 33 38 22 24 26 28 39 21 23 37 34 40 28 20 40 37 33 26 27 29 26 24 24 32 31 31 35 38 36 31 26 39 28 25 40 25 24 31 21 29
31 26 32 32 26 37 24 37 23 23 39 34 23 35 33 35 29 24 33 25 39 21 29 37 23 28 33 32 30 29 22 27 35 28 23 39 26 30 37 23 24 23 39 31 38 22 33 28 26 33 38 31 31 28 32 36 30 26 31 29 34 21 30 37 37 39 25 33 25 30 24 30 22 21 20 24 28 37 26 28
31 24 40 38 22 22 31 38 30 27 28 38 24 37 22 30 36 37 35 35 35 36 30 36 34 28 32 29 25 22 34 28 25 33 35 39 23 27 23 27 25 29 32 27 32 40 20 29 27 33 20 31 28 21 20 30 21 31 22 38 23 29 20 33 29 31 37 31 40 29 21 25 37 27 37 22 29 36 35 27
33 37 32 27 25 39 20 28 24 23 21 24 36 37 29 25 27 33 28 40 38 31 30 28 27 27 37 26 24 33 20 30 24 35 20 35 22 22 23 37 23 23 28 22 23 25 28 34 38 32 37 24 34 22 28 37 21 22 23 29 20 30 22 27 35 34 35 24 28 22 33 39 36 37 29 28 40 22 35 25
23 34 32 32 32 37 22 36 20 26 22 25 30 32 36 26 26 33 33 26 27 36 37 23 38 40 30 34 39 23 27 30 31 32 28 27 34 31 27 27 40 27 38 25 31 28 33 36 35 23 39 24 22 34 28 30 25 24 29 32 32 38 22 30 26 34 29 33 32 26 31 37 30 33 38 40 21 25 28 32
34 21 22 27 37 21 40 24 23 38 23 24 27 39 36 25 37 22 37 22 40 22 25 30 38 29 25 32 30 36 35 25 23 22 35 38 38 25 24 22 32 27 37 40 28 20 27 34 28 36 27 29 32 31 40 30 37 39 36 35 31 35 24 22 24 38 36 36 34 20 30 32 21 27 27 36 25 27 26 40
40 29 38 38 33 39 32 22 31 36 34 33 24 27 40 28 25 24 27 36 34 29 29 27 40 28 33 39 27 23 32 22 36 31 36 23 28 40 32 29 39 31 35 25 40 28 32 33 27 32 24 24 30 26 31 40 22 39 33 29 22 25 28 37 36 40 20 27 32 28 31 34 40 29 23 31 35 29 21 25
30 22 28 35 29 24 27 22 28 27 40 40 20 20 20 37 38 36 21 29 29 29 26 24 36 36 21 38 39 20 40 38 34 23 36 38 26 21 34 20 36 22 29 27 37 23 28 33 31 23 29 37 27 32 28 23 25 28 36 31 30 38 36 22 31 39 27 33 26 30 33 26 34 28 37 31 36 34 36 31
22 23 36 37 30 28 22 30 33 38 27 32 20 36 39 36 22 36 34 30 27 39 30 29 33 36 20 35 23 29 37 36 33 27 28 33 23 33 34 34 40 36 30 38 30 35 27 32 38 22 23 33 33 39 30 38 38 24 40 29 35 39 22 24 40 34 28 31 26 30 20 25 23 37 25 21 25 28 39 26
21 21 40 25 22 24 25 38 35 20 34 29 34 27 26 34 21 29 40 28 22 30 22 38 34 31 34 32 22 25 27 34 37 23 33 34 30 22 40 28 35 26 37 24 40 20 35 33 32 35 26 36 21 27 29 36 25 39 39 20 39 25 40 39 21 38 39 37 36 27 35 39 35 36 36 29 24 39 20 37
39 37 27 22 31 35 30 23 25 38 27 29 28 36 29 21 24 25 34 32 27 28 34 31 34 26 29 37 39 29 38 27 25 40 28 23 37 40 35 32 26 28 22 28 27 38 22 38 24 31 36 21 28 21 25 28 33 22 40 22 25 34 26 39 27 40 28 37 38 25 37 24 31 34 32 32 22 37 32 28
39 36 23 25 32 40 26 34 29 28 32 25 33 31 40 37 31 28 25 26 22 29 30 36 23 27 33 27 36 26 26 30 35 22 39 21 37 26 33 37 20 39 23 32 27 35 39 30 33 24 38 22 40 40 27 36 30 36 40 34 40 24 27 38 25 34 33 29 37 25 35 32 22 33 25 39 40 21 39 28
31 30 35 36 31 39 35 38 30 27 31 28 37 20 20 24 39 20 38 40 26 25 31 20 34 34 21 24 27 20 25 31 32 38 21 27 21 37 28 38 23 36 33 31 39 33 28 32 21 20 26 22 33 27 35 21 29 23 38 39 38 20 29 22 32 29 37 28 21 31 25 33 32 34 26 25 39 20 25 34
37 27 34 23 25 38 27 29 38 26 32 26 26 24 31 26 21 37 28 31 34 28 28 39 32 23 32 34 23 26 20 32 24 34 21 37 26 27 23 36 29 27 38 35 38 33 30 38 25 29 30 24 35 39 32 39 29 32 20 33 25 37 20 36 28 29 27 25 22 23 36 27 27 31 30 21 38 29 32 34
25 34 34 40 20 32 31 24 30 32 22 27 27 36 37 33 32 29 28 35 27 23 35 32 27 25 33 39 27 35 30 23 37 36 23 39 26 28 38 35 39 23 30 39 37 38 36 34 33 30 40 29 22 30 33 30 39 33 20 35 36 33 27 27 40 22 24 39 26 39 36 25 24 29 26 36 37 23 20 25
30 23 20 40 28 37 20 29 22 21 23 36 23 38 40 39 24 24 25 33 31 39 35 25 21 32 36 28 25 25 22 26 29 28 28 34 35 26 37 29 36 34 39 36 28 37 29 26 29 21 40 31 33 35 27 39 31 22 23 33 26 21 20 25 35 38 32 31 39 29 34 39 39 36 33 32 25 34 34 32
35 32 25 31 25 25 30 39 36 39 28 28 24 27 29 20 39 20 36 35 36 38 38 39 37 33 33 38 25 24 35 25 22 28 40 26 40 24 25 21 27 34 34 29 40 26 35 22 38 38 36 22 25 30 27 26 20 23 27 21 37 20 37 29 40 22 22 23 25 25 37 40 21 21 34 25 33 39 28 23
38 34 30 34 34 27 35 31 21 31 35 23 23 38 30 21 20 35 25 34 21 33 26 32 38 22 26 32 27 26 28 40 40 25 21 22 39 30 21 22 40 28 37 37 38 20 31 25 24 21 27 28 38 27 38 40 23 40 24 35 36 31 37 29 29 32 23 33 35 27 32 29 38 33 26 25 30 35 25 22
36 22 30 37 26 23 33 28 21 31 39 30 27 35 33 40 20 38 36 25 31 22 27 27 29 36 26 36 26 28 21 24 40 23 35 24 28 37 21 33 27 40 33 22 20 23 26 21 38 25 34 36 25 40 35 29 31 28 37 25 35 30 33 31 36 35 25 33 40 30 37 26 32 32 35 24 23 26 22 26
36 29 27 23 31 25 40 30 40 37 40 32 34 33 30 38 32 35 27 36 30 21 28 25 34 34 22 35 33 39 33 38 22 39 27 23 24 30 31 28 27 35 30 30 35 20 38 37 35 24 33 24 23 37 32 39 38 21 32 33 40 40 35 20 26 39 34 25 27 38 36 24 24 31 30 32 32 24 33 35
50
54 41 -30
72 62 -30
3 5 30
17 48 30
61 47 -30
43 50 -30
79 32 -30
48 5 30
49 66 -30
35 76 -30
47 4 30
44 47 -30
79 40 -30
75 41 -30
18 31 30
55 76 -30
44 4 30
10 2 30
25 51 30
42 18 30
11 35 30
46 59 -30
19 13 30
37 80 -30
51 49 30
44 25 30
3 28 30
10 33 30
46 48 -30
31 51 -30
12 7 30
31 8 30
53 77 -30
67 72 -30
42 28 30
47 10 30
28 7 30
17 30 30
10 49 30
16 7 30
52 75 -30
44 21 30
49 9 30
78 74 -30
20 41 30
75 75 -30
7 51 30
12 45 30
45 76 -30
11 39 30
