
2
100
1 10101023
2 10
1 34516
1 234
3 0
3 0
1 0
1 0
1 0
2 1234101
1 0
2 1134
1 0
1 5678
3 0
3 0
1 0
1 0
1 0
2 8765
1 0
2 0
1 0
1 23456
3 0
3 0
1 0
1 0
1 0
2 64532
1 10101010
2 0
1 0
1 0
3 0
3 0
1 0
1 0
1 0
2 10101010
1 0
2 101010102
1 0
1 101010102
3 12
3 0
1 123456
1 0
1 0
2 123456
1 0
2 123456
1 0
1 123456
3 0
3 0
1 1010101
1 0
1 0
2 0
1 0
2 1910101
1 0
1 0
3 0
3 0
1 0
1 0
1 0
2 10181010
1 12
2 111
1 10181910
1 112
3 0
3 0
1 0
1 0
1 0
2 1111
1 11
2 1110101
1 10101
1 0
3 0
3 0
1 0
1 0
1 101012
2 191912
1 0
2 101910
1 0
1 0
3 0
3 0
1 101910
1 0
1 0
2 12345323
